unit,NISP_9,Monodonta,Patella,Murex,Cerithium,Cerastoderma,Tapes,Columbella,Donax,Cyclope,NISP,Trench
105,20,5,0,0,25,10,35,10,10,5,23,FAN
108,26,3.9,0,23.1,11.4,15.4,23.1,0,23.1,0,27,FAN
109,29,6.9,0,0,27.6,27.6,27.6,0,10.3,0,29,FAN
110,42,2.4,0,0,19,16.7,45.2,4.8,11.9,0,44,FAN
111,15,0,0,6.7,13.3,26.7,20,0,13.3,20,17,FAN
112,15,6.7,0,13.3,20,6.7,33.3,0,20,0,15,FAN
114,26,0,0,11.5,34.6,7.7,26.9,3.9,3.9,11.5,29,FAN
116,9,0,0,11.1,22.2,55.6,0,0,11.1,0,9,FAN
117,24,0,0,8.3,33.3,33.3,12.5,4.2,8.4,0,25,FAN
118,60,1.7,1.7,6.7,16.7,11.7,46.6,5,8.3,1.6,63,FAN
119,18,0,0,11.1,33.3,11.1,22.2,5.6,16.7,0,20,FAN
120,245,2,0,29,18.7,15.5,20,2.9,7.8,4.1,266,FAN
121,317,0,0.6,20.5,21.1,13.9,33.2,2.5,4.1,4.1,347,FAN
122,431,0.5,1.2,13.2,9,11.3,53.4,4.9,4.2,2.1,480,FAN
123,116,1.7,4.3,31,1.7,20.7,35.3,0,0.9,4.3,121,FAN
124,83,3.6,8.4,28.9,6,7.2,36.3,8.4,0,1.2,85,FAN
125,18,0,0,22.2,16.7,11.1,44.4,5.6,0,0,18,FAN
126,48,0,6.3,18.8,10.4,14.6,33.3,8.2,6.3,2.1,49,FAN
127,297,1,6.1,21.9,7.7,10.8,37.3,9.1,3.7,2.4,308,FAN
128,39,0,5.2,12.8,7.7,12.8,41,7.7,5.1,7.7,39,FAN
129,102,2.9,6.7,26.6,12.8,7.8,16.7,15.7,3.9,6.9,107,FAN
130,23,4.4,4.4,4.4,0,39,26.1,8.7,13,0,24,FAN
131,90,2.2,5.6,7.8,8.9,12.2,46.6,6.7,3.3,6.7,97,FAN
132,113,4.4,8,14.2,17.7,7.1,33.5,5.3,2.7,7.1,116,FAN
133,9,0,11.1,0,22.2,22.2,44.5,0,0,0,10,FAN
134,173,3.5,8.1,12.1,28.3,7.5,27.2,2.9,4.6,5.8,175,FAN
135,27,0,0,3.7,48.2,11.1,14.8,3.7,14.8,3.7,27,FAN
136,178,0,1.1,5.6,48.4,7.3,9,2.2,26.4,0,180,FAN
137,78,1.3,0,2.6,53.7,7.7,10.3,1.3,19.2,3.9,80,FAN
138,20,0,0,0,65,15,15,5,0,0,20,FAN
139,27,0,0,7.4,51.9,14.8,0,7.4,14.8,3.7,33,FAN
140,32,0,0,3.1,37.5,31.3,6.3,0,18.7,3.1,33,FAN
141,63,0,0,9.5,25.4,38.1,14.3,3.2,7.9,1.6,66,FAN
142,60,1.7,0,0,38.3,28.3,6.7,8.3,10,6.7,62,FAN
143,91,1.1,1.1,2.2,45.1,31.8,9.9,0,7.7,1.1,93,FAN
144,112,0,3.6,1.8,29.5,39.3,9.8,1.8,8,6.2,120,FAN
145,17,0,0,0,29.4,58.8,0,0,11.8,0,19,FAN
146,101,1,1,1,51.4,10.9,1,2,19.8,11.9,103,FAN
147,12,0,8.3,8.3,50,25,0,8.4,0,0,12,FAN
148,84,1.2,1.2,2.4,3.3,2.4,1.2,3.6,0,4.8,84,FAN
149,12,8.3,0,0,58.3,0,0,16.7,0,16.7,12,FAN
150,27,7.4,3.7,7.4,77.8,3.7,0,0,0,0,27,FAN
151,77,1.3,0,0,84.4,5.2,1.3,0,2.6,5.2,77,FAN
152,80,0,5,5,60,15,1.3,2.5,3.8,7.4,80,FAN
153,5,0,0,0,100,0,0,0,0,0,5,FAN
154,35,0,0,2.9,97.1,0,0,0,0,0,35,FAN
155,15,0,0,0,80,6.7,0,6.7,0,6.7,15,FAN
156,7,14.3,28.6,0,42.9,0,0,0,0,14.3,7,FAN
157,3,0,0,0,100,0,0,0,0,0,4,FAN
158,40,2.5,2.5,10,85,0,0,0,0,0,40,FAN
159,42,4.8,0,9.5,85.7,0,0,0,0,0,42,FAN
160,35,11.4,5.7,5.7,77.1,0,0,0,0,0,36,FAN
161,74,2.7,1.3,2.7,86.5,0,0,2.7,0,4.1,75,FAN
162,51,13.7,11.8,17.6,52.9,2,0,0,0,2,51,FAN
163,124,5.7,6.5,4,76.6,0,0,2.4,0,4.8,125,FAN
164,104,0,0,4.8,91.4,0,0,1,0,2.9,106,FAN
165,149,0,2,4,91.3,0,0,0.7,0,2,150,FAN
166,146,1.4,0.7,2.1,92.5,0,0,2,0,1.4,146,FAN
167,160,0.6,0.6,2.5,87.5,0,0,3.8,0,5,160,FAN
169,167,1.2,0,4.8,89.2,0,0,1.8,0,3,169,FAN
170,208,0.5,1,1,88.9,1,0,2.4,0,4.8,208,FAN
171,29,3.5,3.5,3.4,86.2,0,0,0,0,3.4,29,FAN
172,271,0.4,5.5,6.6,69,0.4,0,2.6,0,15,273,FAN
173,1,0,0,100,0,0,0,0,0,0,2,FAN
174,79,0,12.7,3.8,74.7,0,0,5.1,0,3.8,79,FAN
175,110,0.9,6.4,3.6,45.5,0.9,0,3.6,0,39.1,111,FAN
176,123,0,6.5,2.4,54.5,0.8,0,4.1,0,31.7,124,FAN
177,100,1,9,3,43,0,0,3,0,41,101,FAN
179,119,1.7,5,5.9,25.2,1.7,0,4.2,0,56,119,FAN
180,38,0,15.8,23.7,0,0,0,5.3,0,55.3,38,FAN
181,6,0,0,16.7,16.7,0,0,0,0,66.6,6,FAN
182,74,0,13.5,6.8,23,1.4,0,6.8,0,48.6,74,FAN
183,103,0,3.9,2.9,28.2,0,0,4.9,0,60.1,103,FAN
184,32,0,15.6,0,28.1,0,0,6.3,0,50,32,FAN
185,72,1.4,5.6,8.3,8.3,5.6,0,5.6,0,65.3,73,FAN
186,60,0,8.3,6.7,26.7,8.3,0,6.7,0,43.3,62,FAN
187,219,0.5,4.1,2.3,38.4,1.4,0,6.9,0,46.6,222,FAN
188,120,0.8,7.5,2.5,50.8,1.7,0,16.7,0,20,120,FAN
189,88,0,20.5,9.1,47.7,0,0,3.4,0,19.3,88,FAN
190,14,0,7.1,0,71.4,0,0,0,0,21.4,15,FAN
191,31,3.2,9.7,6.5,58,0,0,9.7,0,12.9,31,FAN
192,43,0,11.6,23.3,30.2,2.3,0,11.6,0,20.9,44,FAN
217,54,0,0,0,40.7,1.9,0,0,0,57.4,54,FAN
218,152,0.7,2.6,4.6,44.7,0.7,0,1.3,0,45.4,152,FAN
73,113,21.2,8.9,5.3,18.6,1.8,41.6,0,1.8,0,119,FAS
74,221,22.6,5,0.9,27.2,1.4,16.7,6.3,19,0.9,231,FAS
75,91,13.2,2.2,1.1,38.4,3.3,4.4,4.4,29.7,3.3,93,FAS
76,999,8.1,3.1,1.7,23.6,0.8,1.4,0.7,60.2,0.4,1006,FAS
77,170,14.7,4.1,4.7,21.2,1.8,2.4,1.2,48.7,1.2,176,FAS
78,49,10.2,2,2,32.7,2,6.2,10.2,32.7,2,51,FAS
79,55,18.2,1.8,3.6,12.8,0,21.9,0,40,1.8,55,FAS
80,11,18.2,0,0,9.1,0,27.3,0,45.4,0,11,FAS
81,335,5.1,4.5,0.9,19.7,0.9,2.4,1.2,65.3,0,336,FAS
82,203,3.5,2,4.9,18.7,6.4,36.5,2.4,25.1,0.5,206,FAS
83,189,1.1,4.2,6.9,10.6,1,49.2,0,27,0,198,FAS
84,113,0,1.8,7.1,18.6,0.9,52.1,0,19.5,0,117,FAS
85,86,0,4.7,3.5,16.3,7,46.4,0,22.1,0,88,FAS
86,126,0,5.6,0.8,3.2,0,62.6,1.6,26.2,0,127,FAS
87,41,0,2.4,14.6,19.5,0,29.4,4.9,26.8,2.4,41,FAS
88,58,0,5.2,1.7,6.9,1.7,37.9,1.8,43.1,1.7,58,FAS
89,196,0.5,2.5,2,10.7,3.1,44.5,1,35.2,0.5,199,FAS
90,149,0.7,0,12.8,13.4,1.3,55.4,2,14.4,0,152,FAS
91,213,3.8,2.4,11.3,17.4,5.2,37.3,3.8,16.9,1.9,218,FAS
92,16,0,0,6.3,25,0,43.8,18.7,0,6.2,17,FAS
93,146,3.4,0.7,9.6,22.6,12.3,44.5,2.1,4.1,0.7,150,FAS
94,86,1.2,3.5,7,38.4,4.7,39.4,1.2,3.5,1.1,87,FAS
95,38,7.9,0,2.6,15.8,18.4,39.5,0,15.8,0,39,FAS
96,20,15,0,5,30,5,40,0,5,0,20,FAS
97,13,0,0,7.7,53.8,0,15.7,0,15.4,7.6,13,FAS
98,139,5,2.9,4.3,30.9,7.2,32.4,2.2,12.2,2.9,142,FAS
99,108,0.9,0,8.3,20.4,9.3,51.9,0,7.4,1.8,110,FAS
100,36,5.6,0,5.6,0,19.4,58.3,0,11.1,0,36,FAS
101,44,6.8,0,2.3,11.4,22.7,36.3,4.6,13.6,2.3,45,FAS
102,78,5.1,0,5.1,18,18,46.2,0,7.6,0,78,FAS
103,108,9.3,4.6,8.3,13,17.6,31.4,1.9,12,1.9,111,FAS
104,77,5.2,2.6,3.9,14.3,41.6,27.2,1.3,3.9,0,82,FAS
105,16,12.5,0,25,0,25,18.7,6.3,12.5,0,17,FAS
106,6,0,0,0,0,50,33.3,0,16.7,0,7,FAS
107,98,10.2,0,3.1,21.4,15.3,29.6,1,18.4,1,100,FAS
108,28,3.6,0,0,17.9,39.2,25,0,10.7,3.6,29,FAS
109,137,2.2,4.4,8,1.5,13.9,36.4,2.2,31.4,0,140,FAS
110,32,3.1,0,9.4,15.6,0,21.9,0,46.9,3.1,32,FAS
111,162,0.6,2.5,4.9,21.6,3.1,60.5,2.5,3.7,0.6,163,FAS
112,147,2,0,8.2,25.2,4.8,55.8,1.3,2,0.7,151,FAS
113,83,0,3.6,13.3,15.7,4.8,61.4,1.2,0,0,85,FAS
114,8,12.5,0,37.5,12.5,12.5,12.5,0,12.5,0,11,FAS
115,69,1.5,1.4,17.4,24.6,11.6,21.8,10.1,10.1,1.5,76,FAS
116,525,4.4,1.3,19.6,24.2,12.8,17.3,6.5,9.3,4.6,575,FAS
117,1002,1.1,0.8,13.9,11.5,14.2,44.4,5.7,5.6,2.9,1105,FAS
118,96,2.1,2.1,15.6,14.6,35.4,15.5,9.4,2.1,3.2,111,FAS
119,38,2.6,2.6,0,0,47.4,31.6,5.3,7.9,2.6,39,FAS
120,347,3.2,7.2,16.1,7.5,16.1,45.8,0.3,3.2,0.6,353,FAS
121,91,0,11,15.4,8.8,12.1,46.1,2.2,2.2,2.2,94,FAS
122,233,1.3,4.3,12.5,7.7,12.9,51.5,1.3,4.7,3.8,238,FAS
123,338,1.8,5.9,11.2,15.4,8.6,45.8,2.7,3,5.6,392,FAS
124,395,1,4.3,14.7,43,6.1,17.7,1.5,8.4,3.3,403,FAS
125,6,0,16.7,16.7,50,16.6,0,0,0,0,6,FAS
126,38,0,0,18.4,21.1,2.6,50,5.3,2.6,0,39,FAS
127,6,0,0,0,33.3,66.7,0,0,0,0,6,FAS
128,62,1.6,8.1,0,27.4,41.9,8.1,0,9.7,3.2,67,FAS
129,25,8,0,0,72,4,4,4,4,4,26,FAS
130,149,1.3,4.7,3.4,32.2,44.4,4,1.3,6,2.7,150,FAS
131,114,0,0.9,2.6,57,17.4,5.3,1.8,1.8,13.2,116,FAS
132,21,4.8,0,9.5,33.3,28.6,4.8,0,9.5,9.5,21,FAS
133,5,0,0,0,60,20,0,0,0,20,6,FAS
134,44,0,0,6.8,75,11.5,2.3,0,2.2,2.2,44,FAS
135,44,0,0,4.5,93.2,2.3,0,0,0,0,44,FAS
136,87,0,0,2.3,90.7,1.2,0,1.2,0,4.6,87,FAS
137,109,0.9,0.9,1.8,94.6,0,0.9,0.9,0,0,109,FAS
138,61,0,3.3,1.6,93.5,1.6,0,0,0,0,61,FAS
139,68,0,2.9,5.9,80.9,2.9,0,0,0,7.4,68,FAS
140,67,1.5,1.5,9,86.5,1.5,0,0,0,0,67,FAS
141,7,0,0,0,99,1,0,0,0,0,8,FAS
142,30,0,6.7,6.7,46.7,20,6.7,3.3,6.7,3.3,32,FAS
143,64,1.6,6.3,4.7,82.8,0,0,1.5,0,3.1,65,FAS
144,133,1.5,0.8,3.8,90.9,0.7,0,1.5,0,0.8,134,FAS
145,314,4.5,4.1,4.1,82.9,0.6,0,1.3,0,2.2,314,FAS
146,191,10,14.1,4.2,69,0,0,1.1,0,1.6,192,FAS
147,66,6.1,3,10.6,72.7,4.6,0,1.5,0,1.5,66,FAS
148,165,1.8,4.9,1.2,83.1,2.4,1.2,2.4,0,3,167,FAS
149,371,0.5,0.5,3.2,91.8,0,0,0.8,0,3.2,371,FAS
150,394,0.3,2,5.6,85.5,0.3,0.5,1,0,4.8,394,FAS
151,507,0,1.2,3,87,0,0,2,0,6.8,510,FAS
152,230,0.9,2.6,4.4,74.8,0.4,0,3.9,0,13,231,FAS
153,607,1.8,3.1,2.5,71.3,0.2,0.2,3.8,0,17.3,614,FAS
154,213,0.9,2.4,2.8,66.7,1.4,0,4.7,0,21.1,216,FAS
155,134,2.2,5.2,2.2,23.9,6,0,7.5,0,53,137,FAS
156,739,3.3,4.6,4.3,50.9,0.9,0,4.8,0,31.2,746,FAS
157,143,0,3.5,2.8,39.2,4.9,0,6.3,0,43.3,143,FAS
158,164,0.6,6.1,3.7,38.4,1.8,0,5.5,0,43.9,165,FAS
159,120,0.8,4.2,15.8,36.8,0.8,0,8.3,0,33.3,122,FAS
160,67,0,10.5,3,35.8,0,0,3,0,47.7,70,FAS
161,73,0,2.7,4.1,52.1,0,0,9.6,0,31.5,75,FAS
162,115,2.6,2.6,20.9,27.8,0,0,4.4,0,41.7,115,FAS
163,39,0,12.7,2.6,23.1,2.6,0,0,0,59,39,FAS
164,72,0,1.4,6.9,56.9,0,0,4.2,0,30.6,74,FAS
165,41,0,2.4,4.9,17.1,0,0,0,0,75.6,42,FAS
166,109,0,0.9,3.7,22.9,0.9,0,3.7,0,67.9,109,FAS
167,16,0,0,6.3,18.7,0,0,6.3,0,68.7,17,FAS
168,34,0,8.8,5.9,32.4,2.9,0,2.9,0,47.1,34,FAS
169,1,0,0,0,100,0,0,0,0,0,1,FAS
170,39,0,7.9,7.9,13.2,2.6,0,0,0,68.4,39,FAS
171,17,0,11.8,11.8,17.7,0,0,0,0,58.7,17,FAS
172,35,0,2.9,0,37.1,0,0,2.9,0,57.1,35,FAS
173,26,0,3.9,7.7,15.4,0,0,3.9,0,69.1,26,FAS
174,200,1,7,3,14,0,0,4.5,0,70.5,201,FAS
175,73,0,10.9,2.7,6.9,0,0,0,0,79.5,74,FAS
176,287,0.4,3.5,5.6,3.1,0,0,2.8,0,84.6,288,FAS
177,379,0.5,0.5,0.8,6.1,0,0,1.9,0,90.2,382,FAS
178,64,0,3.1,1.6,4.7,0,0,0,0,90.6,64,FAS
179,305,0,1,0.7,18,0,0,3,0,77.3,307,FAS
180,392,0.3,1.5,2.6,30.4,0,0,1.5,0,63.7,394,FAS
181,110,0.9,0.9,27.3,16.4,0,0,0,0,54.5,110,FAS
182,422,0,2.4,28.4,11.1,0,0,1.4,0,56.7,422,FAS
183,338,0.6,1.5,4.7,55.9,0.6,0,0.3,0,36.4,339,FAS
184,729,0.7,1.5,6,54.3,0.6,0,0.7,0,36.2,734,FAS
185,283,1.1,0.7,13.1,36.7,3.5,0,0.7,0,44.2,284,FAS
186,278,0.7,1.8,23,30.3,3.6,0,0.7,0,39.9,280,FAS
187,210,1.4,0,13.3,34.9,7.6,0,0.9,0,41.9,210,FAS
188,262,0.8,0.4,5,29.7,20.6,0,1.1,0,42.4,263,FAS
189,134,1.5,2.2,7.5,28.4,18.7,0,0,0,41.7,136,FAS
190,69,0.6,4.7,6.5,20.7,20.1,0,1.8,0,45.6,69,FAS
191,276,0.4,0.7,14.5,16.7,14.9,0,1.8,0,51,278,FAS
192,370,0.3,1.4,5.7,13.5,12.2,0,1.9,0,65,370,FAS
193,24,0,0,12.5,8.3,12.5,0,0,0,66.7,24,FAS
194,60,1.7,1.7,6.6,0,3.3,0,1.7,0,85,60,FAS
195,51,0,13.7,13.7,13.7,13.7,0,13.7,0,31.5,54,FAS
196,181,2.2,8.8,0,7.2,9.9,0,1.7,0,70.2,183,FAS
197,82,2.4,2.4,0,14.8,2.4,0,7.3,0,70.7,82,FAS
198,102,0,2,0,13.7,1,0,2.9,0,80.4,102,FAS
199,45,0,8.9,2.2,2.2,0,0,0,0,86.7,46,FAS
200,8,0,75,12.5,12.5,0,0,0,0,0,8,FAS
201,4,0,25,0,25,0,0,0,0,50,4,FAS
202,25,8,32,8,12,0,0,0,0,40,25,FAS
203,57,8.8,14,12.3,21,0,0,0,0,43.9,27,FAS
204,138,10.1,32.6,0,43.5,0,0,2.9,0,10.9,139,FAS
205,61,34.4,16.4,16.4,14.8,0,0,0,0,18,61,FAS
206,132,21.2,37.1,1.5,34.9,0,0,0,0,5.3,134,FAS
207,84,19.1,34.5,1.2,27.3,1.2,0,0,0,16.7,85,FAS
208,3,0,0,0,33.3,0,0,0,0,66.7,5,FAS
209,5,0,0,20,20,0,0,20,0,40,5,FAS
101,58,0,8.6,3.5,10.3,5.2,0,8.6,0,63.8,59,H1A
102,43,0,4.7,0,9.3,4.6,0,0,0,81.4,43,H1A
103,14,0,0,0,14.3,0,0,7.1,0,78.6,14,H1A
104,9,0,0,0,0,0,0,0,0,100,11,H1A
105,15,0,6.6,6.6,0,0,0,6.7,0,80,15,H1A
106,17,0,0,0,17.7,5.9,0,0,0,76.4,17,H1A
107,23,0,0,0,8.7,26.1,0,8.7,0,56.5,23,H1A
108,7,0,0,14.3,0,28.6,0,0,0,57.1,7,H1A
109,4,0,0,0,0,0,0,0,0,100,4,H1A
110,5,0,20,0,20,0,0,40,0,20,5,H1A
111,20,0,5,0,30,0,0,0,0,65,21,H1A
112,10,0,0,0,20,0,0,20,0,60,10,H1A
113,6,0,0,0,33.3,0,0,16.7,0,50,6,H1A
114,15,0,6.7,0,6.7,0,0,6.4,0,80,15,H1A
115,3,0,33.3,0,33.3,0,0,0,0,33.4,3,H1A
116,5,0,0,0,0,0,0,20,0,80,5,H1A
117,36,0,0,0,13.9,2.8,0,2.8,0,80.5,36,H1A
118,13,0,7.7,0,30.8,0,0,0,0,61.5,13,H1A
119,13,0,15.4,0,7.7,15.4,0,0,0,61.5,13,H1A
120,23,0,8.7,4.3,13,0,0,4.4,0,69.6,23,H1A
121,8,0,12.5,0,0,12.5,0,0,0,75,8,H1A
122,15,0,0,0,0,0,0,0,0,100,15,H1A
123,7,0,14.3,0,14.3,14.3,0,0,0,57.1,7,H1A
124,39,0,2.6,2.6,7.7,2.6,0,5.1,0,79.4,39,H1A
125,27,0,11.1,11.1,11.1,0,0,0,0,66.7,27,H1A
126,15,0,0,0,6.7,0,0,6.7,0,86.6,15,H1A
127,42,0,7.1,0,4.7,0,0,2.4,0,85.8,42,H1A
128,28,0,3.6,0,14.3,7.1,0,7.1,0,67.9,28,H1A
129,64,0,1.6,3.1,15.6,1.6,0,0,0,78.1,64,H1A
130,1,0,0,0,0,0,0,0,0,100,1,H1A
131,78,0,5.1,14.1,18,2.6,0,0,0,60.2,79,H1A
132,151,0,2,5.3,31.1,2.7,0,0,0,58.9,152,H1A
133,14,0,0,7.1,35.7,0,0,0,0,57.2,14,H1A
134,3,0,0,33.3,33.3,33.4,0,0,0,0,3,H1A
135,100,0,0,9,19,4,0,0,0,68,101,H1A
136,16,0,6.3,6.2,6.3,0,0,0,0,81.2,16,H1A
137,14,0,0,21.4,21.4,7.2,0,0,0,50,14,H1A
138,16,0,0,12.5,25,12.5,0,0,0,50,16,H1A
139,15,0,0,6.7,13.3,13.3,0,0,0,66.7,15,H1A
140,47,0,0,4.3,14.9,12.8,0,0,0,68,47,H1A
141,3,0,0,0,0,66.7,0,0,0,33.3,3,H1A
142,38,0,0,0,10.5,13.2,0,0,0,76.3,38,H1A
143,13,0,0,15.4,0,30.8,0,0,0,53.8,14,H1A
144,9,0,0,0,0,11.1,0,0,0,88.9,9,H1A
145,4,0,25,25,50,0,0,0,0,0,5,H1A
146,35,0,2.9,5.7,2.9,14.3,0,0,0,74.2,37,H1A
147,19,0,5.3,0,5.3,0,0,0,0,89.4,19,H1A
148,19,0,5.3,10.5,10.5,5.3,0,0,0,68.4,19,H1A
149,25,0,0,0,0,4,0,0,0,96,26,H1A
150,12,8.3,0,0,0,0,0,0,0,91.7,12,H1A
151,15,0,0,0,33.3,6.7,0,0,0,60,15,H1A
152,32,0,0,0,6.3,0,0,0,0,93.8,33,H1A
153,6,0,0,0,50,0,0,0,0,50,6,H1A
154,6,0,0,0,0,0,0,0,0,100,7,H1A
155,55,0,1.8,1.8,7.3,3.6,0,0,0,85.5,61,H1A
156,54,0,1.9,0,1.9,0,0,3.7,0,92.5,58,H1A
157,1,0,0,0,0,0,0,0,0,100,2,H1A
158,56,0,8.9,1.8,1.8,0,0,0,0,87.5,57,H1A
159,29,0,6.9,0,6.9,0,0,0,0,86.2,31,H1A
160,62,0,8.1,0,4.8,0,0,0,0,87.1,62,H1A
161,16,0,25,0,25,0,0,0,0,50,17,H1A
162,5,100,0,0,0,0,0,0,0,0,5,H1A
163,15,0,13.3,0,26.7,0,0,0,0,60,16,H1A
164,1,100,0,0,0,0,0,0,0,0,1,H1A
167,5,20,60,0,20,0,0,0,0,0,5,H1A
170,8,37.5,62.5,0,0,0,0,0,0,0,8,H1A
171,4,25,75,0,0,0,0,0,0,0,4,H1A
172,9,55.6,44.4,0,0,0,0,0,0,0,9,H1A
173,54,40.7,55.6,0,3.7,0,0,0,0,0,54,H1A
174,19,26.3,63.1,0,5.3,0,0,0,0,5.3,19,H1A
175,3,0,100,0,0,0,0,0,0,0,3,H1A
176,24,25,62.5,0,12.5,0,0,0,0,0,24,H1A
177,7,14.3,85.7,0,0,0,0,0,0,0,7,H1A
178,5,40,60,0,0,0,0,0,0,0,5,H1A
179,17,23.5,76.5,0,0,0,0,0,0,0,17,H1A
180,65,7.7,81.5,1.5,9.3,0,0,0,0,0,65,H1A
181,75,2.7,85.3,4,8,0,0,0,0,0,75,H1A
103,2,0,0,50,50,0,0,0,0,0,2,H1B
104,20,0,5,5,40,0,0,10,0,40,20,H1B
105,20,5,10,0,20,0,5,15,0,45,20,H1B
106,84,0,10.7,1.1,25,0,0,11.9,0,51.3,84,H1B
107,43,2.3,7,4.7,23.3,0,0,7,0,55.7,43,H1B
108,93,1.1,7.5,0,32.3,0,0,4.3,0,54.8,93,H1B
109,90,0,4.4,1.1,33.4,1.1,2.2,0,0,57.8,90,H1B
110,56,8.9,1.7,3.6,35.7,1.8,0,1.8,0,46.5,63,H1B
111,45,2.2,4.4,4.4,48.9,0,2.2,6.7,0,31.2,47,H1B
112,41,0,4.9,2.4,48.8,0,0,4.9,0,39,46,H1B
113,41,0,0,0,68.3,0,0,2.4,0,29.3,44,H1B
114,35,0,8.6,2.9,42.8,5.7,0,8.6,0,31.4,35,H1B
115,77,0,7.8,2.6,39,0,0,3.9,0,46.7,84,H1B
116,217,0.4,1.9,3,52.2,1.5,0,2.3,0.7,38,266,H1B
117,65,0,0,1.5,23.2,1.5,0,4.6,0,69.2,66,H1B
118,47,0,0,4.3,8.4,0,0,6.4,0,80.9,49,H1B
119,7,0,0,0,0,0,0,14.3,0,85.7,7,H1B
120,63,1.6,1.6,4.8,25.4,0,0,6.4,0,60.2,67,H1B
121,66,0,3,0,25.8,0,0,3,0,68.2,69,H1B
122,97,0,2.1,2.1,11.3,0,0,3.1,0,81.4,103,H1B
123,148,0,5.4,0.7,8.1,0,0,4.1,0,81.7,188,H1B
124,220,0,1.4,0.9,9.6,0,0,1.8,0,86.3,224,H1B
125,17,0,5.9,0,11.8,0,0,0,0,82.3,17,H1B
126,16,0,0,0,31.3,0,0,0,0,68.7,16,H1B
127,160,0,0.6,1.2,23.2,0.6,0,0.6,0,73.8,160,H1B
128,157,0,0,5.7,24.8,1.3,0,2.6,0,65.6,159,H1B
129,122,0,0,4.8,38.7,1.6,0,0,0,54.9,124,H1B
130,198,0,0,5.9,47,3,0,0.5,0,43.6,202,H1B
131,1,0,0,0,0,0,0,0,0,100,1,H1B
132,145,0,2.1,11.7,38.6,5.5,0.7,0.7,0,40.7,146,H1B
133,115,0,0.8,6.7,30.3,4.2,0,0,0,58,119,H1B
134,155,0,0.5,8,26.4,10,0,0,0,55.1,201,H1B
135,184,0.4,0.4,5.1,31.5,11.3,0,0.4,0,50.1,257,H1B
136,63,0,1.6,1.6,14.3,14.3,1.6,0,0,66.7,67,H1B
137,54,0,4.8,0,14.3,22.2,0,0,0,58.7,63,H1B
138,123,0,5.7,1.6,13.8,12.2,0,0,0.8,65.9,124,H1B
139,93,1.1,3.2,2.1,9.6,6.4,0,1.1,0,76.5,94,H1B
140,8,0,0,0,11.1,0,0,11.1,0,77.8,9,H1B
141,91,0,2.2,1.1,7.7,6.6,0,0,0,82.4,97,H1B
142,372,0.3,1.6,1.1,64,3.8,0,1.1,0,28.1,374,H1B
143,59,1.7,0,6.8,6.8,3.6,0,1.7,0,79.4,60,H1B
144,170,0,2.3,0,7.7,0.6,0,0.6,0,88.8,178,H1B
145,102,0,2,0,17.7,0,0,1,0,79.3,103,H1B
146,16,0,0,0,0,0,0,0,0,100,16,H1B
147,204,0.5,2,0.5,11.3,3.9,0,0,0,81.8,207,H1B
148,32,3.1,0,0,0,0,0,3.1,0,93.8,33,H1B
149,22,9.1,4.6,0,0,4.6,0,0,0,81.7,22,H1B
150,62,1.6,1.6,1.6,9.7,0,0,0,0,85.5,68,H1B
151,20,0,15,0,30,0,0,0,0,55,20,H1B
152,2,50,0,0,50,0,0,0,0,0,4,H1B
153,159,23.1,30,0.6,40,0,0,1.3,0,5,160,H1B
154,103,32.1,33.9,0,16.5,0.9,0,0.9,0,15.7,109,H1B
155,100,17,29,2,18,0,0,3,0,31,105,H1B
156,153,5.3,37.9,2.6,21.6,0,0,1.3,0,31.3,153,H1B
157,116,3.5,54.3,0.9,24.1,0,0,2.6,0,14.6,117,H1B
158,42,0,35.7,7.1,7.1,2.4,0,2,0,45.3,44,H1B
159,40,7.5,37.5,2.5,7.5,2.5,0,2.5,0,40,40,H1B
160,39,12.8,46.2,0,0,0,0,0,0,41,39,H1B
161,4,0,75,0,0,0,0,0,0,25,4,H1B
1,12,0,8.3,0,0,75,8.3,8.4,0,0,14,L5
2,3,0,0,0,100,0,0,0,0,0,3,L5
3,4,0,0,0,25,50,25,0,0,0,4,L5
4,107,5.6,3.7,12.2,34.5,14.1,17.8,1.9,9.3,0.9,114,L5
5,22,9.1,0,0,9.1,40.9,13.6,0,22.7,4.6,22,L5
6,12,0,0,8.3,8.3,33.4,0,0,50,0,12,L5
7,10,10,0,0,0,70,0,0,10,10,11,L5
8,25,0,0,4,20,44,8,0,24,0,26,L5
9,5,0,0,20,0,60,20,0,0,0,5,L5
10,80,3.8,1.2,5,12.5,33.7,3.8,3.7,33.8,2.5,82,L5
11,11,0,0,0,9.1,54.5,27.3,0,9.1,0,11,L5
12,31,3.2,0,6.5,6.5,51.5,3.2,6.5,22.6,0,32,L5
13,39,33.3,0,0,5.1,18,2.6,2.6,38.4,0,41,L5
14,13,53.9,0,7.7,0,0,7.7,0,30.7,0,13,L5
15,26,7.7,0,0,0,53.9,19.2,0,19.2,0,29,L5
16,90,4.4,3.3,15.6,16.7,26.7,8.9,1.1,21.1,2.2,93,L5
17,181,0.6,0.6,2.7,6.1,66.9,5.5,2.2,13.8,1.6,184,L5
18,97,0,0,5.1,9.3,66.1,1,1,13.4,4.1,103,L5
19,91,4.4,2.2,6.6,17.5,33,7.7,3.3,16.5,8.8,94,L5
20,86,2.3,4.7,4.7,10.5,32.5,7,2.3,24.4,11.6,91,L5
21,53,3.8,3.8,7.6,0,28.2,17,3.8,24.5,11.3,59,L5
22,47,49,0,0,4.3,0,10.6,0,36.1,0,48,L5
23,187,2.1,4.3,5.9,17.1,30.6,12.3,3.7,17.1,6.9,197,L5
24,191,3.1,2.1,7.3,19.9,15.7,7.9,4.2,32.5,7.3,199,L5
25,125,0.8,2.4,1.6,19.2,21.6,6.4,10.4,36,1.6,133,L5
26,,0,1.8,5.4,27.9,23.9,5.4,6.3,23.9,5.4,115,L5
27,166,1.8,1.2,8.4,25.9,21.8,3,2.4,29.5,6,171,L5
28,136,4.4,1.5,4.4,21.3,28.7,16.2,5.9,15.4,2.2,141,L5
29,154,0.7,0,2.6,22.7,26.6,9.7,4.6,30.5,2.6,159,L5
30,125,4,4,5.6,28.8,16.8,7.2,4,28.8,0.8,126,L5
31,10,0,0,0,10,40,0,0,50,0,10,L5
32,60,1.7,3.3,0,41.7,18.3,10,3.3,20,1.7,64,L5
33,125,4.8,1.6,5.6,32.8,21.6,16.8,2.4,9.6,4.8,128,L5
34,113,3.5,1.8,4.4,28.3,28.4,10.6,7.1,13.3,2.6,123,L5
35,161,2.5,0.6,1.2,16.8,19.2,14.9,4.4,37.3,3.1,166,L5
36,168,1.2,0,0.6,20.8,27.3,19.1,4.8,23.2,3,170,L5
37,207,4.4,1,1.9,23.2,31.2,17.9,7.2,8.7,1.5,213,L5
38,180,3.9,1.1,2.8,17.8,31,15,3.9,12.8,11.7,182,L5
39,103,5.8,0,1.9,12.6,31.1,11.7,5.8,12.6,15.5,109,L5
40,175,1.7,1.1,2.3,21.1,10.1,12,10.3,10.3,1.1,180,L5
41,199,4,0,2,28.1,29.6,14.1,8,12.7,1.5,206,L5
42,128,0.8,5.5,2.3,28.9,32,9.4,7,13.3,0.8,139,L5
43,62,0,3.2,3.2,38.7,21,12.9,6.5,12.9,1.6,67,L5
44,76,1.3,3.9,1.3,34.2,35.6,6.6,1.3,14.5,1.3,77,L5
45,52,1.9,1.9,1.9,23.1,63.5,1.9,1.9,3.9,0,55,L5
46,65,0,0,0,10.8,67.6,13.9,3.1,3.1,1.5,65,L5
47,18,0,5.6,0,16.6,50,16.6,5.6,5.6,0,19,L5
48,11,0,0,0,9,45.5,45.5,0,0,0,13,L5
49,12,0,0,8.3,0,83.4,0,8.3,0,0,12,L5
50,34,2.9,0,0,2.9,79.4,9,2.9,0,2.9,34,L5
51,2,0,0,0,0,100,0,0,0,0,3,L5
52,1,0,0,0,0,100,0,0,0,0,1,L5
53,1,0,0,0,0,100,0,0,0,0,1,L5
55,408,71.8,0.3,1.2,14,0.5,2.9,1.7,7.1,0.5,416,L5
56,444,83.7,0.5,1.1,4.3,0.9,3.2,0.5,5.6,0.2,451,L5
57,9,66.7,0,0,22.2,0,0,0,11.1,0,10,L5
58,109,75.2,2.8,0,1.8,0.9,9.2,0.9,9.2,0,115,L5
59,10,50,0,0,0,0,30,0,20,0,13,L5
60,155,61.1,0.7,0,11,6.5,5.8,2.6,12.3,0,185,L5
61,105,38.2,1.9,3.8,3.8,9.5,8.6,0.9,31.4,1.9,159,L5
62,161,20.5,0.6,7.5,17.3,11.2,16.2,5,18,3.7,167,L5
63,15,60,0,0,20,0,6.7,0,13.3,0,53,L5
64,25,56,0,0,4,0,20,0,20,0,134,L5
65,6,66.6,0,0,16.7,0,16.7,0,0,0,63,L5
66,6,16.7,0,0,0,0,66.6,0,16.7,0,76,L5
67,8,50,0,0,12.5,0,25,0,12.5,0,139,L5
68,50,2,0,8,26,22,4,14,22,2,87,L5
69,45,6.7,6.7,4.4,31.1,13.3,13.3,6.7,17.8,0,46,L5
70,18,16.7,0,16.7,5.6,22.1,5.7,22.1,11.1,0,19,L5
71,42,7.1,2.4,4.8,23.8,19,16.7,7.1,14.3,4.8,44,L5
72,37,2.7,2.7,10.8,18.9,16.2,18.9,8.2,16.2,5.4,39,L5
73,30,6.7,3.3,3.3,30,6.7,20,10,20,0,31,L5
74,41,0,4.9,7.3,19.5,14.6,12.2,0,36.6,4.9,46,L5
75,40,0,10,12.5,15,10,25,5,17.5,5,42,L5
76,34,2.9,5.9,8.8,8.8,17.7,20.6,0,32.4,2.9,36,L5
77,39,5.1,0,2.6,12.8,28.1,7.7,12.8,28.2,2.7,39,L5
78,61,3.3,1.6,4.9,14.8,22.9,14.8,1.6,34.5,1.6,67,L5
79,47,0,0,14.9,21.3,21.2,10.6,6.4,21.3,4.3,52,L5
80,58,0,6.9,1.7,19,20.7,22.4,5.2,15.5,8.6,59,L5
81,112,0.9,0,2.7,7.1,14.3,13.4,0,58.9,2.7,114,L5
82,20,0,0,0,35,10,10,5,35,5,21,L5
83,6,0,0,0,0,33.3,33.3,0,33.4,0,7,L5
84,17,5.9,5.9,5.9,23.5,47,5.9,0,0,5.9,18,L5
85,8,87.5,0,0,12.5,0,0,0,0,0,8,L5
86,54,63,0,0,9.1,7.4,13,1.9,5.6,0,55,L5
87,108,30.6,1.8,3.7,10.2,2.8,23.1,1.9,25,0.9,111,L5
88,82,23.2,2.4,4.9,19.5,14.6,14.6,3.7,17.1,0,83,L5
89,40,2.5,0,7.5,22.5,35,10,5,15,2.5,42,L5
90,20,35,5,0,5,15,15,5,15,5,20,L5
91,9,11.1,22.2,0,11.2,0,11.1,11.1,22.2,11.1,10,L5
92,7,0,0,0,28.6,14.3,0,14.3,14.3,28.5,7,L5
93,24,0,8.3,0,20.8,16.7,4.2,0,50,0,25,L5
94,29,3.4,3.4,0,20.7,31,3.5,3.5,31,3.5,30,L5
95,26,80.7,0,0,7.7,0,7.7,0,3.9,0,27,L5
96,64,93.7,0,0,1.6,1.6,0,0,3.1,0,64,L5
97,1,100,0,0,0,0,0,0,0,0,1,L5
98,16,6.3,6.3,0,6.3,43.6,25,0,12.5,0,16,L5
99,17,11.8,0,5.9,23.5,11.8,23.5,0,23.5,0,18,L5
100,18,5.6,5.6,5.6,38.7,5.6,22.2,5.6,11.1,0,20,L5
1,2,0,50,0,50,0,0,0,0,0,7,L5NE
2,62,29,3.2,6.5,37.1,8.1,1.6,3.2,11.3,0,66,L5NE
3,58,36.2,8.6,5.2,24.1,1.7,5.2,5.2,13.8,0,66,L5NE
4,11,0,36.3,0,18.2,9.1,9.1,0,27.3,0,11,L5NE
5,10,20,10,20,0,0,30,0,20,0,10,L5NE
6,40,32.5,7.5,5,20,0,15,0,20,0,43,L5NE
7,27,33.4,3.7,3.7,11.1,7.4,7.4,3.7,29.6,0,29,L5NE
8,2,50,0,0,0,0,0,0,50,0,3,L5NE
9,1,0,0,0,100,0,0,0,0,0,1,L5NE
10,5,20,0,0,0,0,20,0,60,0,5,L5NE
11,12,33.3,0,0,16.7,16.7,8.3,8.3,16.7,0,16,L5NE
12,5,20,0,0,40,0,20,0,20,0,5,L5NE
13,43,23.3,2.3,4.7,27.8,2.3,14,2.3,23.3,0,44,L5NE
14,1,100,0,0,0,0,0,0,0,0,1,L5NE
15,21,19,4.7,0,14.3,14.3,47.7,0,0,0,26,L5NE
16,12,41.7,0,0,8.3,0,25,0,25,0,13,L5NE
17,28,3.6,3.6,7.1,17.9,0,46.4,0,21.4,0,31,L5NE
18,33,3,0,3,3,3,72.9,0,12.1,3,34,L5NE
19,39,10.3,0,2.6,5.1,0,66.6,0,12.8,2.6,42,L5NE
20,3,66.7,0,33.3,0,0,0,0,0,0,5,L5NE
21,21,9.5,4.8,4.8,4.8,23.7,38.1,0,14.3,0,23,L5NE
22,22,18.2,4.6,4.6,13.6,9.1,31.7,0,18.2,0,20,L5NE
23,38,13.2,0,2.6,0,7.9,42.1,0,34.2,0,40,L5NE
24,6,0,0,0,33.3,0,16.7,0,50,0,6,L5NE
25,7,14.3,0,0,14.3,0,42.8,0,28.6,0,7,L5NE
26,4,0,0,0,50,0,0,0,50,0,4,L5NE
27,6,16.7,0,0,33.3,0,0,0,50,0,6,L5NE
28,8,12.5,0,0,12.5,12.5,25,0,37.5,0,9,L5NE
29,23,21.7,0,0,4.4,0,47.8,0,26.1,0,25,L5NE
30,45,15.6,4.4,2.2,11.1,40,8.9,0,17.8,0,48,L5NE
31,15,0,6.7,0,0,53.3,13.3,6.7,20,0,16,L5NE
32,1,0,0,0,0,0,0,0,100,0,1,L5NE
33,56,16.1,3.6,1.8,8.9,42.8,0,0,26.8,0,56,L5NE
34,4,25,25,25,0,0,0,0,25,0,4,L5NE
35,46,2.2,2.2,2.2,13,47.7,0,4.4,28.3,0,50,L5NE
36,37,0,2.7,0,13.5,54.1,5.4,0,21.6,2.7,40,L5NE
37,4,25,0,0,25,50,0,0,0,0,4,L5NE
38,90,3.3,4.4,4.4,11.1,50,4.4,1.1,20,1.1,93,L5NE
39,16,0,6.3,0,12.5,56.2,0,0,25,0,18,L5NE
40,83,1.2,9.6,2.4,19.3,54.3,2.4,2.4,8.4,0,90,L5NE
41,3,0,33.3,33.3,33.3,0,0,0,0,0,9,L5NE
42,31,0,0,0,16.1,48.4,19.4,0,16.1,0,33,L5NE
43,66,1.5,4.6,3.3,12.1,51.1,4.6,6.1,15.2,1.5,69,L5NE
44,2,0,0,0,50,50,0,0,0,0,2,L5NE
45,77,2.6,2.6,2.6,13,52,10.4,2.6,14.2,0,77,L5NE
46,12,0,16.7,0,16.7,33.3,16.7,0,8.3,8.3,14,L5NE
47,9,0,0,22.2,22.2,33.4,0,0,22.2,0,9,L5NE
48,111,1.8,9,2.7,19,41.4,9,1.8,13.5,1.8,114,L5NE
49,2,0,0,0,0,0,50,0,50,0,2,L5NE
50,118,2.5,0.9,1.7,25.4,36.4,10.2,4.2,17,1.7,134,L5NE
51,6,16.7,0,16.7,0,50,0,0,16.6,0,6,L5NE
52,139,2.2,4.3,2.2,21.4,41,10.1,3.6,13,2.2,148,L5NE
53,32,0,3.1,3.1,18.8,46.8,6.3,0,6.3,15.6,33,L5NE
54,87,3.5,2.3,3.4,19.5,46.1,0,1.1,24.1,0,95,L5NE
55,48,4.2,4.2,4.2,12.5,60.4,4.2,2.1,6.2,2,50,L5NE
56,79,2.5,5.1,3.8,10.1,41.8,17.7,5,12.7,1.2,80,L5NE
57,166,1.2,3,1.8,27.1,48.3,6.6,3,7.8,1.2,174,L5NE
58,20,0,5,0,5,70,10,0,5,5,21,L5NE
59,84,1.2,3.6,0,19,57.1,10.7,3.6,4.8,0,91,L5NE
60,2,0,0,0,0,100,0,0,0,0,2,L5NE
61,67,6,6,4.5,17.9,47.6,9,6,3,0,71,L5NE
62,20,5,0,5,20,55,0,5,10,0,21,L5NE
63,47,0,4.3,0,6.4,80.8,2.1,2.1,4.3,0,49,L5NE
64,103,1.9,1,1.9,4.9,88.3,1,0,1,0,104,L5NE
65,39,5.1,0,0,0,94.9,0,0,0,0,39,L5NE
66,1,0,0,0,0,100,0,0,0,0,1,L5NE
67,164,0,0,0,1.2,97.6,1.2,0,0,0,164,L5NE
68,13,0,0,0,7.7,92.3,0,0,0,0,13,L5NE
2,72,9.7,2.8,11.1,52.7,6.9,5.6,4.2,5.6,1.4,75,O5
3,114,2.6,5.3,10.5,62.3,4.4,3.5,1.8,9.6,0,119,O5
4,153,3.9,0.7,6.5,52.3,4.6,3.9,4.6,23.5,0,160,O5
5,193,2.6,0,5.2,48.6,1.6,0,3.1,38.9,0,199,O5
6,89,0,1.1,3.4,64,3.4,2.3,5.5,18,2.3,91,O5
7,40,0,5,7.5,65,7.5,0,5,10,0,44,O5
8,28,7.1,10.7,14.3,35.8,21.4,3.6,0,7.1,0,28,O5
9,39,5.1,0,10.3,61.5,7.7,5.1,0,10.3,0,42,O5
10,32,12.5,0,15.6,31.3,15.6,15.6,0,9.4,0,37,O5
11,24,4.2,4.2,4.2,25,41.6,12.5,0,8.3,0,25,O5
12,10,0,20,0,0,40,10,0,30,0,11,O5
13,12,0,8.3,6.7,25,33.3,8.3,0,18.4,0,13,O5
14,41,4.9,4.9,12.2,9.8,41.4,9.8,2.4,14.6,0,43,O5
15,10,0,20,20,0,50,0,0,10,0,13,O5
16,41,0,4.9,17.1,9.8,36.6,19.5,0,12.1,0,51,O5
17,8,12.5,0,0,12.5,50,0,0,25,0,10,O5
18,23,4.4,17.4,13,4.4,26.1,21.7,0,13,0,23,O5
19,12,8.3,25,0,0,41.7,8.3,0,16.7,0,12,O5
20,44,2.3,11.4,11.4,9.1,36.2,25,0,2.3,2.3,48,O5
21,19,5.4,0,26.3,0,26.3,26.3,5.3,10.4,0,20,O5
22,7,0,0,0,14.3,42.8,28.6,0,14.3,0,8,O5
23,15,0,6.7,0,6.7,46.6,33.3,0,6.7,0,20,O5
24,30,3.3,13.3,10,0,30,30,0,6.7,6.7,40,O5
25,35,0,5.7,14.3,17.1,31.4,20,0,8.6,2.9,38,O5
26,38,0,10.5,13.2,5.3,47.3,18.4,0,5.3,0,44,O5
27,5,0,0,20,0,40,20,0,20,0,5,O5
28,22,0,4.6,9.1,9.1,68.1,9.1,0,0,0,24,O5
29,12,0,16.7,16.7,16.7,33.2,16.7,0,0,0,13,O5
30,8,0,12.5,12.5,12.5,25,25,0,12.5,0,10,O5
31,44,0,13.6,15.9,6.8,31.8,20.5,2.3,6.8,2.3,47,O5
32,21,0,4.8,9.5,9.5,52.4,9.5,0,9.5,4.8,22,O5
33,16,0,12.5,6.3,12.5,37.5,12.5,0,18.7,0,20,O5
34,20,5,5,0,30,30,10,0,20,0,24,O5
35,11,0,27.3,9.1,9.1,18.2,27.2,0,9.1,0,12,O5
36,12,0,0,8.3,41.7,50,0,0,0,0,17,O5
37,12,0,0,0,16.7,83.3,0,0,0,0,15,O5
38,32,0,15.6,6.3,9.4,37.4,21.9,6.3,3.1,0,34,O5
39,15,0,0,0,0,66.6,6.7,0,26.7,0,17,O5
40,27,0,3.7,18.5,3.7,55.6,11.1,0,7.4,0,28,O5
41,54,0,5.6,11.1,5.6,66.7,7.3,0,3.7,0,64,O5
42,17,0,5.9,0,5.9,64.6,0,0,17.7,5.9,18,O5
43,39,0,2.6,18,5.1,64.1,5.1,0,5.1,0,43,O5
44,56,1.8,12.5,17.9,7.1,44.6,10.7,0,3.6,1.8,57,O5
45,3,0,0,0,0,66.7,33.3,0,0,0,4,O5
46,6,0,16.7,0,16.7,66.6,0,0,0,0,6,O5
47,3,0,0,0,0,66.7,0,0,33.3,0,3,O5
48,8,0,12.5,0,0,87.5,0,0,0,0,8,O5
49,14,0,0,0,21.4,64.3,7.2,0,0,7.1,15,O5
50,13,0,0,7.7,15.4,61.5,7.7,0,0,7.7,14,O5
51,3,0,0,0,33.3,66.7,0,0,0,0,5,O5
53,8,0,0,12.5,12.5,62.5,0,0,12.5,0,8,O5
54,3,0,0,0,0,100,0,0,0,0,3,O5
55,4,0,0,0,0,50,0,0,50,0,5,O5
56,9,0,22.2,0,0,44.5,11.1,0,22.2,0,10,O5
58,10,0,0,10,20,60,0,0,10,0,12,O5
59,20,0,0,0,5,85,0,0,10,0,20,O5
60,3,0,0,0,33.3,66.7,0,0,0,0,3,O5
61,6,16.7,0,0,16.7,66.7,0,0,0,0,7,O5
62,5,0,0,0,20,80,0,0,0,0,5,O5
63,8,0,12.5,0,50,37.5,0,0,0,0,9,O5
65,16,0,0,6.3,43.8,18.7,18.7,0,12.5,0,16,O5
66,8,0,0,0,0,75,0,0,25,0,10,O5
67,6,0,16.7,16.7,16.7,33.2,16.7,0,0,0,7,O5
68,2,0,0,0,0,100,0,0,0,0,3,O5
69,6,0,16.7,0,16.7,50,16.6,0,0,0,7,O5
70,10,0,0,0,50,20,0,0,30,0,11,O5
71,2,0,50,0,0,0,50,0,0,0,2,O5
73,20,0,5,0,50,30,10,0,5,0,22,O5
74,17,0,0,11.8,17.7,47.3,23.2,0,0,0,18,O5
76,7,14.3,0,14.3,0,71.4,0,0,0,0,7,O5
77,16,0,12.5,0,31.3,56.2,0,0,0,0,16,O5
78,51,0,3.9,7.8,13.8,52.9,15.8,0,5.8,0,56,O5
79,5,0,0,0,20,80,0,0,0,0,5,O5
80,88,1.1,2.3,1.1,15.9,64.8,9.1,0,5.7,0,91,O5
81,204,0,0.5,0.5,7.8,87.8,1,0,2.4,0,205,O5
82,4,0,0,0,0,75,0,0,25,0,4,O5
83,156,0,0,0,5.1,89.8,3.2,0,1.9,0,157,O5
84,55,0,0,0,5.5,69.1,5.4,0,18.2,1.8,56,O5
85,25,0,0,0,4,88,4,0,4,0,26,O5
87,10,0,30,10,40,20,0,0,0,0,17,O5
88,2,0,0,0,0,50,50,0,0,0,2,O5
89,3,0,0,0,0,66.7,0,0,33.3,0,4,O5
92,13,0,7.7,7.7,0,69.2,7.7,0,7.7,0,13,O5
93,15,0,0,0,0,100,0,0,0,0,19,O5
94,6,0,0,0,50,50,0,0,0,0,7,O5
96,1,0,0,0,0,100,0,0,0,0,2,O5
97,3,0,0,0,0,100,0,0,0,0,5,O5
98,10,0,0,0,40,50,10,0,0,0,11,O5
99,6,0,16.7,0,16.7,33.3,0,0,33.3,0,8,O5
100,2,0,0,0,0,100,0,0,0,0,2,O5
101,2,0,0,0,0,100,0,0,0,0,2,O5
102,29,0,0,0,0,93.1,3.5,0,3.4,0,30,O5
103,15,0,0,0,0,100,0,0,0,0,16,O5
104,4,0,0,0,25,50,0,0,25,0,4,O5
106,1,0,0,0,0,100,0,0,0,0,1,O5
107,5,0,0,0,0,100,0,0,0,0,6,O5
108,6,0,16.7,0,0,83.3,0,0,0,0,6,O5
109,2,0,0,0,0,100,0,0,0,0,3,O5
110,3,0,0,0,33.3,66.7,0,0,0,0,3,O5
111,86,1.2,25.6,14,4.7,33.6,15.1,0,3.5,2.3,94,O5
112,32,0,6.3,50,0,0,34.3,0,6.3,3.1,38,O5
113,31,0,3.2,9.7,22.6,51.6,6.4,0,6.5,0,34,O5
114,10,0,20,30,0,40,10,0,0,0,10,O5
115,12,0,8.3,0,8.3,83.4,0,0,0,0,14,O5
116,17,5.9,0,0,35.3,58.8,0,0,0,0,17,O5
117,23,4.3,0,0,17.4,65.2,8.7,4.4,0,0,23,O5
118,56,1.8,5.4,25,5.4,51.7,7.1,0,3.6,0,61,O5
119,9,0,11.1,11.1,22.2,55.6,0,0,0,0,10,O5
120,25,0,12,16,4,64,4,0,0,0,28,O5
121,3,0,0,0,0,100,0,0,0,0,3,O5
122,1,0,0,0,100,0,0,0,0,0,1,O5
123,11,0,18.2,0,0,63.6,9.1,9.1,0,0,12,O5
124,3,0,0,33.3,0,0,66.7,0,0,0,5,O5
125,19,0,15.8,31.6,5.3,31.5,10.5,0,5.3,0,22,O5
126,3,0,0,33.3,33.3,0,33.4,0,0,0,3,O5
127,22,0,9.1,22.7,0,59.1,4.6,4.5,0,0,23,O5
128,10,0,0,10,0,40,40,0,10,0,13,O5
129,3,0,0,0,0,100,0,0,0,0,3,O5
130,20,0,5,30,5,40,10,0,10,0,22,O5
131,10,0,0,30,0,70,0,0,0,0,12,O5
132,10,0,0,30,20,50,0,0,0,0,11,O5
133,5,0,0,40,0,0,60,0,0,0,5,O5
134,12,0,0,25,8.3,41.7,16.7,0,0,8.3,15,O5
135,9,0,0,11.1,0,33.3,55.6,0,0,0,10,O5
136,15,0,0,26.7,0,40,26.7,0,6.6,0,16,O5
137,5,0,0,20,0,40,40,0,0,0,6,O5
138,5,0,40,0,0,60,0,0,0,0,5,O5
139,29,0,3.5,0,31,58.5,0,3.5,3.5,0,31,O5
140,5,0,0,20,0,40,0,0,40,0,5,O5
141,12,0,8.3,8.3,16.7,66.7,0,0,0,0,12,O5
142,4,0,0,0,0,100,0,0,0,0,5,O5
143,4,0,0,0,25,50,0,25,0,0,4,O5
144,7,0,0,0,28.6,57.1,0,0,14.3,0,8,O5
145,6,16.7,16.7,0,66.6,0,0,0,0,0,6,O5
146,9,0,0,0,22.2,33.3,0,0,44.5,0,9,O5
147,1,0,0,0,0,0,0,0,100,0,1,O5
1,5,0,0,0,100,0,0,0,0,0,5,Q5N
2,35,5.7,0,8.6,68.5,5.7,2.9,0,8.6,0,37,Q5N
3,64,10.9,4.6,20.3,0,0,10.9,9.4,35.9,7.8,67,Q5N
4,211,2.8,3.3,10.9,64.6,4.7,1.9,2.8,8.5,0.5,214,Q5N
5,205,7.8,1,8.8,65.9,4.9,1.9,0.5,6.3,2.9,210,Q5N
6,62,4.8,1.6,17.7,45.2,13,1.6,3.2,11.3,1.6,64,Q5N
7,59,1.7,3.4,11.9,22,40.6,3.4,3.4,11.9,1.7,66,Q5N
8,45,0,4.4,4.4,17.7,33.3,8.9,2.2,28.9,0,49,Q5N
9,76,1.3,1.3,1.3,29,36.9,9.2,0,19.7,1.3,82,Q5N
10,166,0,6,3,36.2,31.3,4.8,0.6,18.1,0,175,Q5N
11,92,0,5.4,3.3,30.4,43.5,4.4,1.1,11.9,0,95,Q5N
12,66,3,9.1,3,21.2,34.9,3,6.1,16.7,3,68,Q5N
13,47,0,2.1,0,31.9,36.2,12.8,0,17,0,50,Q5N
14,24,0,4.2,4.2,29.2,45.7,12.5,0,4.2,0,29,Q5N
15,21,0,0,0,33.3,57.1,4.8,0,4.8,0,28,Q5N
16,20,0,5,0,5,85,5,0,0,0,23,Q5N
18,1,0,0,0,0,100,0,0,0,0,2,Q5N
20,27,3.7,3.7,0,22.2,55.6,7.4,0,7.4,0,28,Q5N
21,12,0,0,0,25,33.3,33.3,0,8.4,0,18,Q5N
22,18,0,5.6,0,38.9,44.3,5.6,0,5.6,0,19,Q5N
23,36,2.8,13.9,5.6,30.5,11.1,11.1,2.8,22.2,0,43,Q5N
24,33,3,3,3,48.6,18.2,9.1,0,15.1,0,33,Q5N
25,83,2.4,1.2,2.4,59,13.3,4.8,0,16.9,0,85,Q5N
26,233,0,0.9,2.6,60.3,10.3,2.6,0.9,22.3,0,236,Q5N
27,518,0.4,0.2,3.7,78.8,7.5,0.4,0.4,8.5,0.2,525,Q5N
28,341,0.6,0.3,3.8,73.9,9.1,1.2,0.6,10.6,0,356,Q5N
29,103,1,1.9,0,38.8,21.4,2.9,0,34,0,103,Q5N
30,7,0,0,0,28.7,0,0,0,71.3,0,7,Q5N
31,4,0,0,25,50,0,0,0,25,0,4,Q5N
32,55,1.8,0,0,16.4,12.7,10.9,5.5,52.7,0,55,Q5N
33,27,7.4,7.4,0,11.1,11.1,18.5,7.4,29.6,7.4,29,Q5N
34,45,0,0,11.1,4.4,4.4,11.1,2.3,60,6.7,50,Q5N
34A,115,0,0,9.6,13,9.6,12.2,2.6,47,6.1,124,Q5N
35,48,2,4.2,4.2,9.1,29,8.3,0,39,4.2,54,Q5N
36,33,0,3,3,9.1,33.3,6.1,0,39.4,6.1,34,Q5N
37,24,8.3,0,4.2,20.8,29.2,8.3,0,25,4.2,25,Q5N
38,26,0,0,15.4,23,34.6,7.7,3.9,15.4,0,28,Q5N
39,42,0,2.4,0,23.8,21.4,0,4.8,42.9,4.8,43,Q5N
40,23,0,0,0,13,39.1,4.4,8.7,34.8,0,23,Q5N
41,48,0,0,6.3,22.9,29.2,4.2,4.2,33.3,0,51,Q5N
42,4,0,0,0,0,25,0,0,75,0,4,Q5N
43,97,2.1,5.2,0,26.8,37,7.2,1,17.6,3.1,102,Q5N
44,84,3.6,1.2,2.4,22.6,30.9,7.1,3.6,23.8,4.8,88,Q5N
45,76,4,2.6,2.6,36.8,19.7,7.9,3.9,18.4,4,80,Q5N
46,17,0,0,17.7,23.5,5.6,29.7,5.9,17.6,0,18,Q5N
47,75,0,2.7,1.3,28,26.7,22.7,0,17.3,1.3,80,Q5N
48,71,1.4,2.8,1.4,31.2,16.9,29.5,4.2,9.8,2.8,79,Q5N
49,56,1.8,7.1,3.6,26.8,33.9,17.9,0,8.9,0,61,Q5N
50,52,5.8,3.9,3.9,26.8,34.6,11.5,3.9,9.6,0,60,Q5N
51,36,2.8,2.8,2.8,5.6,50,19.3,2.8,13.9,0,45,Q5N
52,1,0,0,0,0,100,0,0,0,0,1,Q5N
53,64,0,0,0,32.5,26.6,7.8,9.4,20.3,3.3,77,Q5N
54,53,5.7,13.2,0,18.4,30.2,9.8,3.8,17,1.9,59,Q5N
55,51,9.8,9.8,2,19.6,33.3,9.8,3.9,9.8,2,55,Q5N
56,49,4.1,12.3,0,16.3,36.7,6.1,8.2,14.3,2,52,Q5N
57,32,3.1,3.1,3.1,37.5,18.9,15.6,0,15.6,3.1,37,Q5N
58,2,0,0,0,50,50,0,0,0,0,4,Q5N
59,10,0,0,0,40,30,20,0,10,0,10,Q5N
60,279,1.8,0.4,2.9,76.3,6.4,2.5,2.2,6.8,0.7,287,Q5N
61,335,0.9,1.2,3,73.3,10.8,0.6,0.9,9,0.3,343,Q5N
62,56,1.8,1.8,3.6,26.7,10.7,7.1,5.4,42.9,0,59,Q5N
63,75,4,5.3,1.3,41.4,16,4,1.3,26.7,0,78,Q5N
64,935,1,0.9,1.7,51.7,13.3,1.4,0.6,29.2,0.2,951,Q5N
65,607,3.1,0.8,1.5,19.1,11.1,7.6,0.3,56.3,0.2,617,Q5N
66,19,10.5,0,0,15.8,10.5,0,5.3,57.9,0,20,Q5N
67,1,0,0,0,100,0,0,0,0,0,1,Q5N
69,153,1.3,1.1,7.8,25,18.3,12.4,6.5,24.3,3.3,159,Q5N
71,178,0,0,14.6,23.9,9.6,17.4,7.9,23.9,2.5,190,Q5N
73,23,0,0,8.7,13,21.7,30.5,8.7,13,4.4,23,Q5N
75,45,0,0,4.4,31.1,15.7,20,4.4,17.7,6.7,48,Q5N
77,193,0.5,0.5,14.5,9.8,14,34.2,3.1,19.2,4.2,199,Q5N
79,28,3.6,0,0,53.5,17.9,0,7.1,14.3,3.6,29,Q5N
80,142,0,2.8,14.1,13.4,21.8,27.5,1.4,17.6,1.4,150,Q5N
82,18,5.6,0,5.6,27.7,27.7,16.7,0,16.7,0,20,Q5N
83,45,4.4,0,2.2,24.4,35.7,4.4,11.1,15.6,2.2,48,Q5N
85,8,0,0,25,25,0,0,0,50,0,9,Q5N
86,17,0,5.9,0,17.7,11.8,0,5.9,52.8,5.9,19,Q5N
87,5,0,0,0,20,40,40,0,0,0,5,Q5N
89,15,6.7,0,6.7,20,0,20,26.6,20,0,17,Q5N
90,1,0,0,0,100,0,0,0,0,0,1,Q5N
97,48,2.1,0,6.3,2.1,31.2,31.2,0,25,2.1,51,Q5N
98,33,0,3,3,6.1,33.3,21.2,6.1,18.2,9.1,34,Q5N
99,28,0,3.6,0,14.3,21.4,17.9,21.4,14.3,7.1,31,Q5N
100,20,0,0,5,15,20,30,10,15,5,22,Q5N
101,15,6.7,13.3,26.6,13.3,6.7,6.7,6.7,13.3,6.7,15,Q5N
102,50,4,0,0,26,12,16,4,32,6,50,Q5N
103,21,0,0,0,19.1,33.3,9.5,0,28.6,9.5,23,Q5N
104,34,0,0,8.8,11.8,11.8,20.6,23.5,14.7,8.8,37,Q5N
105,12,0,0,0,16.7,16.7,33.3,8.3,16.7,8.3,14,Q5N
106,20,0,0,5,30,10,25,0,25,5,20,Q5N
74,36,0,0,8.3,47.2,5.6,19.4,2.8,16.7,0,37,Q5S
75,150,0.7,0.7,8,28.2,11.3,18.7,2,26.7,4,155,Q5S
76,46,4.4,0,2.2,37,21.6,19.6,2.2,10.8,2.2,46,Q5S
77,187,1.6,0.5,3.7,47.6,10.2,16.6,1.1,17.6,1.1,191,Q5S
78,68,0,0,8.8,33.8,23.5,7.4,7.4,19.1,0,68,Q5S
79,44,2.3,0,9.1,40.8,11.4,18.2,0,15.9,2.3,44,Q5S
80,54,0,1.9,5.6,24.1,20.4,14.8,1.8,24,7.4,58,Q5S
81,7,0,0,0,10,50,20,0,10,10,10,Q5S
82,49,0,0,2,28.8,12.9,8.6,0,40.8,6.8,55,Q5S
83,49,0,0,10.2,30.6,8.2,20.4,4.1,22.4,4.1,51,Q5S
84,59,3.4,0,3.4,22,18.6,11.9,11.9,23.7,5.1,62,Q5S
85,48,2.1,2.1,6.3,33.3,12.5,18.7,6.3,18.7,0,51,Q5S
86,173,1.2,1.2,14.5,28.8,18.5,16.2,1.7,16.2,1.7,181,Q5S
87,43,2.3,0,4.7,11.6,18.6,16.3,13.9,27.9,4.7,45,Q5S
88,30,0,0,3.3,20,36.8,13.3,3.3,23.3,0,34,Q5S
89,32,3.1,0,6.3,28.1,25,18.7,12.5,6.3,0,33,Q5S
90,11,0,0,0,27.5,9.1,36.4,9.1,18.2,0,11,Q5S
91,101,5.9,1,2,27.7,13.9,14.9,2,31.6,1,103,Q5S
92,39,0,0,7.7,23.1,20.4,7.7,10.3,20.5,10.3,43,Q5S
93,21,4.8,0,4.8,28.6,4.8,9.5,0,42.7,4.8,22,Q5S
94,34,2.9,2.9,5.9,20.7,14.7,17.6,2.9,23.6,8.8,35,Q5S
95,45,0,0,8.9,28.8,15.6,8.9,2.2,26.7,8.9,46,Q5S
96,27,0,0,7.4,59.3,11.1,0,7.4,11.1,3.7,28,Q5S
97,56,1.8,1.8,1.8,32,16.1,16.1,5.4,16.1,8.9,57,Q5S
98,65,0,1.5,0,24.7,36.9,12.3,4.6,15.4,4.6,67,Q5S
136,17,0,0,0,17.6,35.3,0,0,47.1,0,18,Q5S
137,1,0,0,0,0,100,0,0,0,0,1,Q5S
138,99,0,0,0,2,82.8,1,1,13.2,0,99,Q5S
139,12,8.3,0,16.7,16.7,0,16.7,16.7,25,0,13,Q5S
140,5,0,0,0,0,20,0,0,60,20,6,Q5S
141,84,0,1.2,1.2,8.3,48.8,1.2,1.2,36.9,1.2,84,Q5S
142,2,0,0,0,50,0,0,0,50,0,2,Q5S
143,32,0,0,18.7,34.4,21.9,3.1,0,15.6,6.3,33,Q5S
144,73,0,1.4,0,0,78.1,1.4,0,19.1,0,75,Q5S
145,19,0,0,15.8,15.8,21.1,10.5,0,26.3,10.5,19,Q5S
146,19,0,0,26.3,26.3,26.3,0,0,21.1,0,22,Q5S
147,88,0,0,1.1,3.4,81.9,0,0,13.6,0,91,Q5S
148,53,3.8,1.9,3.8,15.1,26.4,5.6,5.6,35.9,1.9,54,Q5S
149,21,0,4.8,0,0,95.2,0,0,0,0,21,Q5S
150,78,2.6,3.8,6.4,52.6,15.4,0,1.3,16.6,1.3,79,Q5S
151,12,8.3,0,8.3,16.7,25,0,0,41.7,0,12,Q5S
156,46,6.5,0,2.2,15.2,26.1,0,2.2,47.8,0,46,Q5S
162,15,6.7,0,0,26.6,6.7,20,6.7,26.6,6.7,16,Q5S
163,25,4,4,4,32,20,4,0,32,0,26,Q5S
164,58,1.7,1.7,5.2,31,10,12.1,6.9,20.7,1.7,59,Q5S
165,2,0,0,0,50,0,0,0,50,0,2,Q5S
166,34,2.9,2.9,0,52.9,17.7,5.9,0,11.8,5.9,34,Q5S
167,4,0,0,0,25,25,0,0,50,0,4,Q5S
168,15,0,0,6.7,13.3,13.3,0,6.7,60,0,16,Q5S
169,8,0,0,0,25,0,0,0,75,0,8,Q5S
170,81,0,0,0,1.2,84,1.2,0,13.6,0,82,Q5S
171,48,0,0,0,2,81.3,0,2.1,14.6,0,50,Q5S
172,65,0,0,1.5,4.1,87.2,0,0,7.2,0,65,Q5S
174,1,0,0,0,0,100,0,0,0,0,1,Q5S
176,56,0,5.4,7.1,10.7,60.7,7.1,3.6,5.4,0,60,Q5S
177,8,0,12.5,0,0,0,0,25,62.5,0,8,Q5S
178,5,0,20,0,20,20,0,0,40,0,5,Q5S
179,2,0,0,0,50,50,0,0,0,0,2,Q5S
180,38,2.6,5.3,2.6,21.1,47.3,5.3,5.3,10.5,0,39,Q5S
181,17,0,5.9,5.9,17.6,41.2,5.9,0,23.5,0,20,Q5S
182,7,0,0,0,0,71.4,0,0,28.6,0,8,Q5S
183,13,0,7.7,0,0,46.2,7.7,7.7,30.7,0,14,Q5S
184,27,0,7.4,0,29.6,59.3,3.7,0,0,0,33,Q5S
185,121,0,5,4.1,14.9,65.3,4.1,0,6.6,0,129,Q5S
186,47,0,0,2.1,23.5,63.8,6.4,0,4.3,0,52,Q5S
187,52,0,7.7,0,13.5,59.5,11.5,3.9,3.9,0,60,Q5S
188,27,0,33.3,7.4,7.4,51,0,0,0,0,31,Q5S
189,23,0,60.9,4.4,0,30.4,0,0,4.3,0,25,Q5S
190,59,0,35.6,0,17,25.4,3.4,0,18.6,0,65,Q5S
191,28,3.6,7.1,7.1,10.7,21.4,21.4,3.6,25.1,0,32,Q5S
192,10,0,0,0,40,30,10,0,20,0,11,Q5S
193,31,0,3.2,6.5,29,35.5,0,0,25.8,0,32,Q5S
194,10,0,10,10,30,20,0,10,20,0,10,Q5S
106,10,0,10,0,30,60,0,0,0,0,14,Q5S
197,3,0,0,0,0,33.3,33.3,0,33.4,0,4,Q5S
198,6,0,16.7,0,66.6,0,16.7,0,0,0,7,Q5S
199,15,0,0,0,26.7,46.6,6.7,0,20,0,17,Q5S
200,33,0,3,3,6.1,63.7,6.1,3,12.1,3,34,Q5S
201,7,0,0,0,42.8,28.6,14.3,0,14.3,0,9,Q5S
202,55,1.8,7.2,1.8,45.5,21.8,1.8,5.5,14.6,0,57,Q5S
203,2,0,0,0,0,0,0,0,100,0,2,Q5S
205,20,0,0,0,20,40,5,0,35,0,20,Q5S
208,1,0,0,0,0,0,0,0,100,0,1,Q5S
210,28,0,0,7.1,3.6,60.7,0,0,28.6,0,29,Q5S
211,4,0,0,0,25,25,0,0,50,0,4,Q5S
212,17,0,0,0,0,76.5,0,0,23.5,0,18,Q5S
213,140,0.7,0,0.7,3.6,80,0.7,0.7,13.6,0,141,Q5S
214,20,0,0,0,15,50,5,0,30,0,22,Q5S
215,23,0,13,0,21.7,47.9,4.4,0,13,0,23,Q5S
217,10,0,0,0,10,50,10,0,30,0,10,Q5S
218,19,0,5.3,0,5.3,73.6,0,0,15.8,0,19,Q5S
219,5,0,0,0,60,40,0,0,0,0,6,Q5S
220,10,10,20,0,40,20,0,0,10,0,11,Q5S
221,15,6.7,33.3,13.3,0,40,6.7,0,0,0,15,Q5S
222,21,0,42.9,0,14.3,23.7,14.3,0,4.8,0,21,Q5S
223,9,0,11.1,0,22.2,55.6,0,0,11.1,0,9,Q5S
224,5,0,0,0,20,80,0,0,0,0,6,Q5S
225,1,0,0,0,0,100,0,0,0,0,1,Q5S
227,1,0,0,0,0,0,0,0,100,0,1,Q5S
228,2,0,0,0,0,50,0,0,50,0,2,Q5S
229,63,3.2,1.6,0,17.4,51,4.8,4.8,7.8,6.4,65,Q5S
230,122,3.3,41,2.5,15.6,18.8,4.1,1.6,12.3,0.8,126,Q5S
231,62,1.6,87.1,0,0,11.3,0,0,0,0,65,Q5S
232,141,2.6,44.2,3.6,22.7,9.9,7.1,2.1,7.1,0.7,146,Q5S
233,41,2.4,43.9,4.9,26.9,12.3,2.4,2.4,2.4,2.4,42,Q5S
234,1,0,0,0,0,0,0,0,100,0,1,Q5S
235,1,0,0,0,0,0,0,0,100,0,1,Q5S
236,5,0,0,0,0,0,0,40,60,0,5,Q5S
237,77,0,0,0,2.6,83.1,1.3,1.3,11.7,0,77,Q5S
238,10,0,0,0,0,80,0,0,20,0,10,Q5S
239,14,0,0,0,21.4,35.7,0,0,42.9,0,14,Q5S
240,5,0,0,20,0,20,0,0,40,20,5,Q5S
241,3,33.3,0,0,0,33.4,0,0,33.3,0,4,Q5S
1,79,2.5,2.5,8.9,70.9,2.5,1.3,3.8,6.3,1.3,83,QR5
2,67,4.5,0,9,62.6,14.9,0,1.5,3,4.5,70,QR5
3,52,5.8,0,13.5,57.6,11.5,0,7.7,0,3.9,55,QR5
4,31,6.5,3.2,9.7,61.3,12.9,0,0,3.2,3.2,35,QR5
5,45,8.9,2.2,15.6,53.4,13.3,0,4.4,0,2.2,48,QR5
6,50,6,16,2,48,20,2,4,2,0,53,QR5
7,36,11.1,2.8,11.1,63.8,0,2.8,2.8,5.6,0,36,QR5
8,74,8.1,1.4,6.8,58.1,2.7,9.4,0,10.8,2.7,75,QR5
9,65,1.5,4.6,3.1,27.7,43,9.2,1.5,7.7,1.7,67,QR5
10,82,1.2,9.8,0,24.4,45.1,6.1,0,13.4,0,91,QR5
11,71,1.4,5.6,8.5,21.1,42.3,14.1,2.8,4.2,0,75,QR5
12,158,1.9,8.2,4.4,20.3,36.2,8.2,1.2,19.6,0,162,QR5
13,88,1.1,8,8,22.7,39.8,6.8,0,10.2,3.4,91,QR5
14,74,0,13.5,5.4,29.7,33.8,8.1,0,9.5,0,78,QR5
15,27,0,22.2,3.7,14.8,33.4,11.1,0,11.1,3.7,28,QR5
16,63,4.8,6.3,3.2,17.5,42.8,4.8,0,20.6,0,66,QR5
17,26,3.9,15.3,11.5,11.5,19.2,15.4,0,23.2,0,27,QR5
18,66,4.6,9.1,4.6,43.8,16.7,4.5,0,16.7,0,68,QR5
19,8,0,0,12.5,12.5,12.5,25,0,37.5,0,8,QR5
20,12,0,0,0,33.3,41.7,0,8.3,16.7,0,14,QR5
21,1,0,0,0,0,100,0,0,0,0,1,QR5
22,9,0,0,0,55.6,44.4,0,0,0,0,10,QR5
23,20,10,10,5,35,25,10,0,5,0,21,QR5
24,47,2.1,10.6,0,27.7,34.1,0,0,23.4,2.1,47,QR5
25,102,2.9,2.9,7.8,46.2,15.7,7.8,2.9,11.8,2,104,QR5
26,114,1.8,7,4.4,18.4,30.8,14,2.6,19.3,1.7,123,QR5
27,257,2,4.7,30,8.1,28,11.2,1.6,14,0.4,263,QR5
28,115,1.7,6.1,1.7,17.4,43.7,13,4.4,10.3,1.7,116,QR5
29,50,2,6,4,12,44,10,4,16,2,51,QR5
31,154,0.7,2,1.3,59.4,13.6,17.1,0.7,3.9,1.3,159,QR5
32,179,3.9,2.8,3.4,45.8,24.6,8.4,1.1,9.5,0.5,186,QR5
33,89,6.7,3.4,0,21.4,29.1,7.9,3.4,28.1,0,90,QR5
35,50,0,2,2,2,42,18,4,30,0,57,QR5
36,124,3.3,3.3,0.8,36.2,19.4,9.7,10.4,14.5,2.4,132,QR5
37,39,5.1,5.1,5.1,33.4,28.2,5.1,7.7,10.3,0,45,QR5
38,101,3,3,3,37.5,24.8,7.9,5.9,13.9,1,103,QR5
39,161,9.9,1.2,2.5,42.2,21.8,5,5,9.9,2.5,166,QR5
40,117,5.1,1.7,5.1,41.1,29.1,6,3.4,7.7,0.8,120,QR5
41,166,6.6,4.2,4.2,35.5,18.1,9.7,3.6,15.7,2.4,173,QR5
42,11,9.1,9.1,0,27.3,36.3,9.1,0,9.1,0,12,QR5
43,71,0,7,7,28.3,23.9,5.6,5.6,22.6,0,76,QR5
44,15,6.7,6.7,0,20,46.6,13.3,0,6.7,0,16,QR5